service_id,monday,tuesday,wednesday,thursday,friday,saturday,sunday,start_date,end_date
chouette:TimeTable:c5436d61-0441-4537-a2f7-e8202ca23814:LOC,0,1,1,1,1,1,0,20251021,20251231
PVS2025-26-33-L-Ma-J-V-36-33,1,1,0,1,1,0,0,20251020,20251231
RESEAU2023-82-Semaine-81-82,1,1,1,1,1,0,0,20251020,20251231
RESEAU2023-88-Semaine-84-88,1,1,1,1,1,0,0,20251020,20251231
PVS2025-26-64-Semaine-37-64,1,1,1,1,1,0,0,20251020,20251231
chouette:TimeTable:7c110f90-af73-406a-933a-a410180690d3:LOC,0,1,1,1,1,1,0,20250906,20251227
PVS2025-26-57-Semaine-07-57,1,1,1,1,1,0,0,20251020,20251231
chouette:TimeTable:51091117-5e87-49ee-93eb-199a16093987:LOC,0,1,1,1,1,1,0,20251021,20251231
SETP2025-15-Dimanche-11-15,0,0,0,0,0,0,1,20250907,20250921
PVS2025-26-32-Semaine-34-32,1,1,1,1,1,0,0,20251020,20251231
PROJET2025-LIsola-Semaine-14-LIso,1,1,1,1,1,0,0,20250901,20250912
PROJET2025-22-Mercredi-20-22,0,0,1,0,0,0,0,20250903,20251217
chouette:TimeTable:c94314f2-2ef8-44e9-8bfc-9f867e827fe5:LOC,0,0,0,0,0,0,1,20250907,20251228
PROJET2025-94-Semaine-08-1011100-94,1,0,1,1,1,0,0,20250901,20251031
RESEAU2022-745-Lundi-02-745,1,0,0,0,0,0,0,20250901,20251215
RESEAU2021-C40-Semaine-02-0001000-C40,0,0,0,1,0,0,0,20250904,20251218
RESEAU2021-C36-Semaine-03-1000000-C36,1,0,0,0,0,0,0,20250901,20251231
PROJET2024-63-Semaine-67-63,1,1,1,1,1,0,0,20251020,20251231
SETP2025-20-Semaine-42-20,1,1,1,1,1,0,0,20250901,20251231
chouette:TimeTable:20c1bc48-7a5f-44a8-a465-b215496910b3:LOC,1,0,0,0,0,0,0,20250831,20250901
PVS2025-26-18-Semaine-39-18,1,1,1,1,1,0,0,20251020,20251231
SETP2025-L1-Semaine-05-L1,1,1,1,1,1,0,0,20250905,20251226
PROJET2025-91-Semaine-27-91,1,1,1,1,1,0,0,20250901,20251215
PROJET2024-63-Mercredi-66-63,0,0,1,0,0,0,0,20251001,20251217
PROJET2024-63-Dimanche-61-63,0,0,0,0,0,0,1,20251005,20251228
PROJET2024-63-Samedi-61-63,0,0,0,0,0,1,0,20251004,20251227
PROJET2025-63-Semaine-72-1101100-63,1,1,0,1,1,0,0,20250901,20250926
chouette:TimeTable:7c847e9c-0428-451d-94df-0e78344a2216:LOC,1,0,0,0,0,0,0,20250908,20251229
PROJET2024-63-Semaine-65-1101100-63,1,1,0,1,1,0,0,20250929,20251219
PROJET2025-63-Mercredi-73-63,0,0,1,0,0,0,0,20250903,20250924
PROJET2025-63-Samedi-62-63,0,0,0,0,0,1,0,20250906,20250927
PROJET2025-63-Dimanche-62-63,0,0,0,0,0,0,1,20250907,20250928
chouette:TimeTable:22072eee-f45e-4a40-bbe5-e76c0626bcfc:LOC,1,0,0,0,0,0,0,20250908,20250929
chouette:TimeTable:5b7d425c-8aba-4c67-a1f8-8748794abed1:LOC,0,0,0,1,0,0,0,20250904,20250925
chouette:TimeTable:7cfdd14a-1616-4a5f-9cd1-9ca6a73433d7:LOC,0,1,1,0,1,1,0,20250902,20250927
SETP2025-15-Dimanche-39-15,0,0,0,0,0,0,1,20250928,20251228
PVS2025-26-15-Semaine-42-15,1,1,1,1,1,0,0,20251020,20251231
SETP2025-15-Samedi-10-15,0,0,0,0,0,1,0,20250906,20250927
SETP2025-15-Semaine-11-15,1,1,1,1,1,0,0,20250901,20250926
SETP2025-15-Semaine-42-15,1,1,1,1,1,0,0,20250929,20251219
SETP2025-15-Samedi-40-15,0,0,0,0,0,1,0,20251004,20251227
JANV2025-B-Semaine-10-B,1,1,1,1,1,0,0,20250905,20251226
JANV2025-B-Dimanche-04-B,0,0,0,0,0,0,1,20250907,20251228
PVS2025-26-05-Semaine-37-05,1,1,1,1,1,0,0,20251020,20251231
JANV2025-L2-Semaine-10-L2,1,1,1,1,1,0,0,20250905,20251226
JANV2025-B-Samedi-03-B,0,0,0,0,0,1,0,20250906,20251227
PVS2025-26-37-Semaine-38-37,1,1,1,1,1,0,0,20251020,20251231
chouette:TimeTable:bbd236f4-3bd1-47bc-a7be-407032e7cc09:LOC,0,0,0,0,0,0,1,20250907,20251228
chouette:TimeTable:9952541c-9ad7-45ab-8ef2-c4ac3c420952:LOC,0,1,1,0,1,1,0,20250902,20251220
chouette:TimeTable:8997ef41-5db5-49a7-952e-f77ae7f28a53:LOC,0,0,0,0,0,0,1,20250907,20251228
SETP2025-L1-Samedi-46-L1,0,0,0,0,0,1,0,20250906,20251227
SETP2025-06-Samedi-01-06,0,0,0,0,0,1,0,20250906,20251227
JANV2025-B-Semaine-03-B,1,1,1,1,1,0,0,20250901,20251231
chouette:TimeTable:2ca0f8e2-7aba-4002-89fb-b7d69fbe4972:LOC,0,1,1,1,1,1,0,20250906,20251227
SETP2025-L1-Dimanche-58-L1,0,0,0,0,0,0,1,20250907,20251228
RESEAU2023-83-Semaine-03-83,1,1,1,1,1,0,0,20250901,20250926
chouette:TimeTable:818ccc55-55da-4dc3-8261-0998cd90a9dc:LOC,1,0,0,0,0,0,0,20250908,20251229
chouette:TimeTable:99e17b14-9c09-4643-8bea-f68fce03986c:LOC,0,0,0,0,0,0,1,20250907,20250914
SETP2025-32-Dimanche-34-32,0,0,0,0,0,0,1,20250907,20251228
chouette:TimeTable:cf6a5203-1a3a-4b3e-a70a-2c1fab5f9307:LOC,0,1,1,1,1,1,0,20250902,20251231
chouette:TimeTable:d734d7a6-bcc1-422a-b5b3-3026a282b832:LOC,1,0,0,0,0,0,0,20250908,20251229
chouette:TimeTable:b4b7bcdc-c2c5-4ef7-94e6-285267aaa2bf:LOC,0,0,0,0,0,0,1,20250907,20251228
PVS2025-26-07-Semaine-34-07,1,1,1,1,1,0,0,20251020,20251231
PVS2025-26-06-Semaine-01-06,1,1,1,1,1,0,0,20251020,20251031
SETP2025-07-L-Ma-J-V-41-07,1,1,0,1,1,0,0,20250901,20251219
SETP2025-07-Dimanche-37-07,0,0,0,0,0,0,1,20250907,20251228
SETP2025-07-Mercredi-41-07,0,0,1,0,0,0,0,20250903,20251217
chouette:TimeTable:fdfe8e42-8672-48ad-ab20-8f5de8345f3c:LOC,0,0,0,1,0,0,0,20250904,20251218
SETP2025-07-Samedi-36-07,0,0,0,0,0,1,0,20250906,20251227
chouette:TimeTable:58b3e3bd-6425-4a84-aafd-ef882ba2e864:LOC,0,1,1,1,1,1,0,20250906,20251227
chouette:TimeTable:f1794267-462b-4d9d-bb8b-be7629d4a7a3:LOC,0,0,0,0,0,0,1,20250907,20251019
SETP2025-06-Dimanche-01-06,0,0,0,0,0,0,1,20250907,20251228
SETP2025-L1-Semaine-04-L1,1,1,1,1,1,0,0,20250901,20251231
chouette:TimeTable:25cdb42e-63ef-4eaf-b6cb-a54d7feb6807:LOC,1,0,0,0,0,0,0,20250831,20250901
chouette:TimeTable:20acc920-f879-420f-bb08-10d613954a09:LOC,0,1,1,1,1,1,0,20250902,20251231
SETP2025-18-Samedi-38-18,0,0,0,0,0,1,0,20250906,20251227
chouette:TimeTable:7e081280-59e5-48d8-ba10-f91b6ddeeedd:LOC,0,1,1,1,1,1,0,20251021,20251231
chouette:TimeTable:a644eaa1-5cdc-483a-8e0b-2dfc749bcdaf:LOC,1,0,0,0,0,0,0,20250908,20251229
SETP2025-18-Semaine-39-18,1,1,1,1,1,0,0,20250901,20251219
SETP2025-18-Dimanche-42-18,0,0,0,0,0,0,1,20250907,20251228
PROJET2025-22-Dimanche-20-22,0,0,0,0,0,0,1,20250907,20251228
SETP2025-32-Semaine-34-32,1,1,1,1,1,0,0,20250901,20251219
PVS2025-26-14-Semaine-37-14,1,1,1,1,1,0,0,20251020,20251231
SETP2025-32-Samedi-34-32,0,0,0,0,0,1,0,20250906,20251227
SETP2025-20-Samedi-36-20,0,0,0,0,0,1,0,20250906,20251227
SETP2025-20-Dimanche-40-20,0,0,0,0,0,0,1,20250907,20251228
SETP2025-05-Samedi-35-05,0,0,0,0,0,1,0,20250906,20251227
SETP2025-05-Dimanche-34-05,0,0,0,0,0,0,1,20250907,20251228
SETP2025-05-Mercredi-38-05,0,0,1,0,0,0,0,20250903,20251217
SETP2025-05-L-Ma-J-V-38-05,1,1,0,1,1,0,0,20250901,20251219
chouette:TimeTable:9129e18f-acfd-4f4b-a39d-72022dea8ad8:LOC,0,0,0,0,0,0,1,20250907,20251228
chouette:TimeTable:950004e3-3f58-48f5-bc27-59216a05ec9b:LOC,0,0,0,0,0,0,1,20250907,20251228
chouette:TimeTable:846dbd40-6c49-424b-b46f-f568b09083fa:LOC,0,1,1,0,1,1,0,20250902,20251220
chouette:TimeTable:ad367192-7287-4c2f-8eac-8656104b4670:LOC,0,0,0,1,0,0,0,20250904,20251218
PROJET2025-22-Semaine-21-22,1,1,1,1,1,0,0,20251020,20251226
PROJET2025-61-Semaine-25-61,1,1,1,1,1,0,0,20251020,20251231
RESEAU2023-44-Semaine-88-44,1,1,1,1,1,0,0,20250901,20250910
RESEAU2023-44-Samedi-88-44,0,0,0,0,0,1,0,20250906,20250913
PROJET2025-22-Semaine-20-22,1,1,1,1,1,0,0,20250901,20251219
PROJET2025-22-Samedi-20-22,0,0,0,0,0,1,0,20250906,20251227
SETP2025-11-Samedi-35-11,0,0,0,0,0,1,0,20250906,20251227
PVS2025-26-11-Semaine-37-11,1,1,1,1,1,0,0,20251020,20251231
chouette:TimeTable:4914a597-395c-4969-97dc-6674e9ef5f8a:LOC,0,0,0,0,0,0,1,20250907,20251228
SETP2025-11-Semaine-37-11,1,1,1,1,1,0,0,20250901,20251219
SETP2025-11-Dimanche-39-11,0,0,0,0,0,0,1,20250907,20251228
RESEAU2022-31-Samedi-01-31,0,0,0,0,0,1,0,20250906,20251227
PROJET2025-31-Semaine-08-31,1,1,1,1,1,0,0,20250901,20251231
PVS2025-26-70-Semaine-35-70,1,1,1,1,1,0,0,20251020,20251231
JANV2025-L2-Samedi-03-L2,0,0,0,0,0,1,0,20250906,20251227
SETP2025-06-Semaine-01-06,1,1,1,1,1,0,0,20250901,20251231
chouette:TimeTable:5e3df9ff-2e3a-4d4a-90f8-f0c651e4c8a0:LOC,1,0,0,0,0,0,0,20250908,20251229
chouette:TimeTable:82039bad-6f19-4ea3-a496-56c7b80a5c84:LOC,0,1,1,1,1,1,0,20251021,20251101
chouette:TimeTable:04999d3b-12bd-4fa5-b2ab-d5ad73c87af0:LOC,0,1,1,1,1,1,0,20250902,20251231
chouette:TimeTable:ecaa6650-30d0-4558-9071-0f1f93edf038:LOC,0,1,1,1,1,1,0,20251021,20251101
PVS2025-26-08-Semaine-34-08,1,1,1,1,1,0,0,20251020,20251231
PROJET2025-83-Dimanche-04-83,0,0,0,0,0,0,1,20251005,20251228
chouette:TimeTable:c87cbbb4-91b4-41e9-94d5-0941f2181f3e:LOC,1,1,1,1,1,0,0,20250901,20251219
JANV2025-L2-Semaine-09-L2,1,1,1,1,1,0,0,20250901,20251231
JANV2025-L2-Dimanche-04-L2,0,0,0,0,0,0,1,20250907,20251228
chouette:TimeTable:8ab51db9-c2f8-4226-9297-2c4c6ced8de1:LOC,0,0,0,0,0,0,1,20250907,20251228
PROJET2025-83-Samedi-04-83,0,0,0,0,0,1,0,20251004,20251227
RESEAU2023-44-Dimanche-89-44,0,0,0,0,0,0,1,20250907,20251228
RESEAU2023-44-Samedi-89-44,0,0,0,0,0,1,0,20250920,20251227
RESEAU2023-44-Semaine-89-44,1,1,1,1,1,0,0,20250908,20251231
chouette:TimeTable:e3355703-1ccf-430f-9c51-33f5809af65f:LOC,0,1,1,1,1,1,0,20250902,20250911
PROJET2025-83-Semaine-04-83,1,1,1,1,1,0,0,20250929,20251231
chouette:TimeTable:c5b45eb5-f743-42a3-be29-fe2afc8d2e75:LOC,0,0,0,0,0,1,0,20250906,20251227
chouette:TimeTable:830d4c2d-25ab-4bff-b921-d2e2418df45a:LOC,0,1,1,1,1,1,0,20250902,20251220
chouette:TimeTable:700e34a7-454e-4203-86e9-2a9162cc6ac4:LOC,1,0,0,0,0,0,0,20250908,20251229
RESEAU2023-83-Dimanche-03-83,0,0,0,0,0,0,1,20250907,20250928
RESEAU2023-83-Samedi-03-83,0,0,0,0,0,1,0,20250906,20250927
PVS2025-26-36-Semaine-34-36,1,1,1,1,1,0,0,20251020,20251231
PROJET2025-76-Semaine-90-76,1,1,1,1,1,0,0,20250903,20251217
SETP2025-36-Samedi-32-36,0,0,0,0,0,1,0,20250906,20251227
SETP2025-08-Samedi-05-08,0,0,0,0,0,1,0,20250906,20251018
chouette:TimeTable:17539a1c-5897-405e-944f-6ac26563b83f:LOC,1,0,0,0,0,0,0,20250908,20251229
JANV2025-L3-Semaine-10-L3,1,1,1,1,1,0,0,20250905,20251226
SETP2025-36-Semaine-33-36,1,1,1,1,1,0,0,20250901,20251219
SETP2025-10-Semaine-01-10,1,1,1,1,1,0,0,20250901,20251231
PVS2025-26-10-Semaine-01-10,1,1,1,1,1,0,0,20251020,20251031
SETP2025-10-Dimanche-01-10,0,0,0,0,0,0,1,20250907,20251228
SETP2025-10-Samedi-01-10,0,0,0,0,0,1,0,20250906,20251227
chouette:TimeTable:000b0146-a169-4467-b9cd-02564d72043e:LOC,0,0,0,0,0,0,1,20250907,20251228
PROJET2025-NVGOR-Samedi-02-NGOR,0,0,0,0,0,1,0,20250906,20250920
PROJET2025-76-Semaine-91-76,1,1,1,1,1,0,0,20251020,20251231
PROJET2025-92-Samedi-22-92,0,0,0,0,0,1,0,20250906,20251129
RESEAU2023-93-Semaine-02-1011100-93,1,0,1,1,1,0,0,20250901,20251128
chouette:TimeTable:1859c469-a7ba-470b-8749-237ce360a7b8:LOC,0,0,0,0,0,0,1,20250907,20251228
SETP2025-14-Samedi-36-14,0,0,0,0,0,1,0,20250906,20251227
chouette:TimeTable:773b961c-5d3a-4541-acde-117bb923fc89:LOC,0,1,1,1,1,1,0,20250902,20251231
PROJET2025-61-Samedi-22-61,0,0,0,0,0,1,0,20250906,20251227
JANV2025-L3-Dimanche-04-L3,0,0,0,0,0,0,1,20250907,20251228
JANV2025-L3-Samedi-03-L3,0,0,0,0,0,1,0,20250906,20251227
chouette:TimeTable:4a9e7a0f-fecd-489e-85d6-49bcfacf2f7d:LOC,1,0,0,0,0,0,0,20250908,20251019
SETP2025-08-Semaine-07-08,1,1,1,1,1,0,0,20250901,20251017
SETP2025-08-Dimanche-04-08,0,0,0,0,0,0,1,20250907,20251019
chouette:TimeTable:8d75a78d-a550-4a53-a15e-debe8f6d5d48:LOC,0,1,1,1,1,1,0,20250902,20251018
chouette:TimeTable:a43f182e-62f8-4eb6-8938-864e07a5ad78:LOC,1,0,0,0,0,0,0,20250908,20251229
SETP2025-14-Mercredi-38-14,0,0,1,0,0,0,0,20250903,20251217
PVS2025-26-81-Semaine-37-81,1,1,1,1,1,0,0,20251020,20251231
PROJET2024-72-Dimanche-74-72,0,0,0,0,0,0,1,20250907,20251228
chouette:TimeTable:4c4cc933-38ae-4004-a98e-6c043e40416d:LOC,0,1,1,1,1,1,0,20250902,20251231
PROJET2025-60-Semaine-08-60,1,1,1,1,1,0,0,20250901,20251231
chouette:TimeTable:89af46af-8101-4836-87d4-900be5af9214:LOC,0,1,1,1,1,1,0,20250902,20251231
PROJET2025-09-Semaine-35-09,1,1,1,1,1,0,0,20250901,20251231
PROJET2025-09-Dimanche-15-09,0,0,0,0,0,0,1,20250907,20251228
JANV2025-L3-Semaine-09-L3,1,1,1,1,1,0,0,20250901,20251231
chouette:TimeTable:57e31ab7-4d8b-417a-821b-8e1e7a6f9658:LOC,0,1,1,1,1,1,0,20250906,20251227
chouette:TimeTable:ef356e2c-1d34-4203-b95c-34dd77df17e0:LOC,1,0,0,0,0,0,0,20250908,20251229
SETP2025-70-Samedi-34-70,0,0,0,0,0,1,0,20250906,20251227
PROJET2024-72-Samedi-74-72,0,0,0,0,0,1,0,20250906,20251227
SETP2025-16-Semaine-35-16,1,1,1,1,1,0,0,20250901,20251219
PVS2025-26-16-Semaine-35-16,1,1,1,1,1,0,0,20251020,20251231
SETP2025-16-Samedi-33-16,0,0,0,0,0,1,0,20250906,20251227
SETP2025-16-Dimanche-33-16,0,0,0,0,0,0,1,20250907,20251228
SETP2025-14-L-Ma-J-V-38-14,1,1,0,1,1,0,0,20250901,20251219
SETP2025-14-Dimanche-36-14,0,0,0,0,0,0,1,20250907,20251228
PROJET2025-60-Dimanche-07-60,0,0,0,0,0,0,1,20250907,20251228
PROJET2025-60-Samedi-07-60,0,0,0,0,0,1,0,20250906,20251227
PROJET2025-09-Samedi-35-09,0,0,0,0,0,1,0,20250906,20251227
RESEAU2023-C-L-Ma-J-V-04-C,1,1,0,1,1,0,0,20250901,20251219
RESEAU2023-C-Mercredi-04-C,0,0,1,0,0,0,0,20250903,20251217
chouette:TimeTable:e405b2c0-f5d6-4156-ae21-e62f196f5486:LOC,0,0,0,0,0,0,1,20250907,20251228
PROJET2024-72-Semaine-74-72,1,1,1,1,1,0,0,20250901,20251231
SETP2025-70-Semaine-35-70,1,1,1,1,1,0,0,20250901,20251219
SETP2025-70-Dimanche-34-70,0,0,0,0,0,0,1,20250907,20251228
PROJET2025-91-Samedi-27-91,0,0,0,0,0,1,0,20250906,20251227
chouette:TimeTable:85568571-b4f6-48f8-a735-fbf5a35075c0:LOC,0,0,0,0,0,0,1,20250907,20251228
PROJET2025-91-Semaine-28-91,1,1,1,1,1,0,0,20250902,20251231
SETP2025-57-Samedi-06-57,0,0,0,0,0,1,0,20250906,20251227
SETP2025-57-Dimanche-06-57,0,0,0,0,0,0,1,20250907,20251228
SETP2025-57-Semaine-06-57,1,1,1,1,1,0,0,20250901,20251219
chouette:TimeTable:b9fca672-ccc9-4e25-b41f-3a48721ad6ce:LOC,0,1,1,1,1,1,0,20251021,20251231
RESEAU2023-62-Semaine-17-62,1,1,1,1,1,0,0,20250901,20251231
chouette:TimeTable:e3d198c1-7cbe-4c41-b328-0b5eb344e073:LOC,0,1,1,1,1,1,0,20250902,20251220
SETP2025-17-Mercredi-35-17,0,0,1,0,0,0,0,20250903,20251217
SETP2025-17-L-Ma-J-V-35-17,1,1,0,1,1,0,0,20250901,20251219
SETP2025-17-Samedi-36-17,0,0,0,0,0,1,0,20250906,20251227
PVS2025-26-17-L-Ma-J-V-35-17,1,1,0,1,1,0,0,20251020,20251231
SETP2025-17-Dimanche-36-17,0,0,0,0,0,0,1,20250907,20251228
PROJET2025-61-Dimanche-22-61,0,0,0,0,0,0,1,20250907,20251228
PROJET2025-61-Semaine-24-61,1,1,1,1,1,0,0,20250901,20251219
PROJET2025-50-Semaine-07-50,1,1,1,1,1,0,0,20251020,20251231
RESEAU2023-62-Dimanche-10-62,0,0,0,0,0,0,1,20250907,20251228
PROJET2025-LIsola-Samedi-14-LIso,0,0,0,0,0,1,0,20250906,20250913
RESEAU2023-62-Samedi-10-62,0,0,0,0,0,1,0,20250906,20251227
SETP2025-30-Samedi-31-30,0,0,0,0,0,1,0,20250906,20251227
SETP2025-30-Semaine-32-30,1,1,1,1,1,0,0,20250901,20251231
SETP2025-30-Dimanche-32-30,0,0,0,0,0,0,1,20250907,20251228
SETP2025-35-Dimanche-34-35,0,0,0,0,0,0,1,20250907,20251228
SETP2025-38-Semaine-41-38,1,1,1,1,1,0,0,20250901,20251231
SETP2025-33-L-Ma-J-V-36-33,1,1,0,1,1,0,0,20250901,20251219
PROJET2025-42-Samedi-08-42,0,0,0,0,0,1,0,20250906,20251227
SETP2025-33-Mercredi-36-33,0,0,1,0,0,0,0,20250903,20251217
SETP2025-33-Dimanche-33-33,0,0,0,0,0,0,1,20250907,20251228
SETP2025-33-Samedi-33-33,0,0,0,0,0,1,0,20250906,20251227
PROJET2025-51-Dimanche-10-51,0,0,0,0,0,0,1,20250907,20251228
PROJET2025-50-Semaine-08-50,1,1,1,1,1,0,0,20250901,20251219
PROJET2025-50-Samedi-08-50,0,0,0,0,0,1,0,20250906,20251227
PROJET2025-50-Dimanche-08-50,0,0,0,0,0,0,1,20250907,20251228
RESEAU2023-CN-Semaine-07-CN,1,1,1,1,1,0,0,20250901,20251231
JANV2024-NVDU-Samedi-01-NVDU,0,0,0,0,0,1,0,20250906,20251227
JANV2024-NVDU-Dimanche-01-NVDU,0,0,0,0,0,0,1,20250907,20251228
PROJET2025-51-Semaine-13-51,1,1,1,1,1,0,0,20251020,20251231
JANV2024-NVDU-Semaine-01-NVDU,1,1,1,1,1,0,0,20250901,20251231
PROJET2025-19-Samedi-20-19,0,0,0,0,0,1,0,20250906,20251227
PROJET2024-68-Semaine-15-68,1,1,1,1,1,0,0,20250901,20251231
SETP2025-35-Semaine-35-35,1,1,1,1,1,0,0,20250901,20251219
PVS2025-26-35-Semaine-35-35,1,1,1,1,1,0,0,20251020,20251231
SETP2025-35-Samedi-36-35,0,0,0,0,0,1,0,20250906,20251227
chouette:TimeTable:997d3cf7-a4b9-4838-b2a2-3e8c444b4c09:LOC,1,0,0,0,0,0,0,20250908,20251019
SETP2025-99-Semaine-11-99,1,1,1,1,1,0,0,20250901,20251231
SETP2025-99-Samedi-11-99,0,0,0,0,0,1,0,20250906,20251227
SETP2025-99-Dimanche-11-99,0,0,0,0,0,0,1,20250907,20251228
PROJET2023-Nav MAEG-Semaine-02-0111100-NVMA,0,1,1,1,1,0,0,20250902,20250926
PROJET2023-47-Samedi-10-47,0,0,0,0,0,1,0,20250906,20251227
PROJET2025-71-Semaine-80-71,1,1,1,1,1,0,0,20250901,20251231
PROJET2025-LIsola-Dimanche-14-LIso,0,0,0,0,0,0,1,20250907,20250914
PROJET2025-34-L-Ma-J-V-20-34,1,1,0,1,1,0,0,20250901,20251219
PROJET2025-34-Samedi-20-34,0,0,0,0,0,1,0,20250906,20251227
PROJET2025-34-Semaine-20-1101100-34,1,1,0,1,1,0,0,20251020,20251231
RESEAU2021-C34-Semaine-02-0000100-C34,0,0,0,0,1,0,0,20250905,20251226
PROJET2025-34-Mercredi-20-34,0,0,1,0,0,0,0,20250903,20251217
PROJET2025-55-Samedi-09-55,0,0,0,0,0,1,0,20250906,20251227
SETP2025-21-Semaine-40-21,1,1,1,1,1,0,0,20250901,20251231
PROJET2023-47-Semaine-10-47,1,1,1,1,1,0,0,20250901,20251219
PROJET2023-47-Semaine-11-47,1,1,1,1,1,0,0,20250903,20251231
SETP2025-12-Semaine-03-12,1,1,1,1,1,0,0,20250901,20251017
chouette:TimeTable:c1c19583-4cbf-47cf-8817-4c98cd78f2c9:LOC,0,0,0,0,0,1,0,20250906,20251018
PROJET2025-R-Semaine-19-1101000-R,1,1,0,1,0,0,0,20250901,20251218
PROJET2025-R-Semaine-20-0000100-R,0,0,0,0,1,0,0,20250905,20251219
chouette:TimeTable:827fdebd-a05b-4362-8e17-e75191246a4f:LOC,0,0,0,0,0,0,1,20250907,20250921
PROJET2025-NVBOR-Samedi-01-NBOR,0,0,0,0,0,1,0,20250906,20250920
PROJET2025-R-Mercredi-18-R,0,0,1,0,0,0,0,20250903,20251217
PROJET2025-55-Semaine-08-55,1,1,1,1,1,0,0,20250901,20251231
chouette:TimeTable:fc6d6a1b-efc4-40fc-a832-49adf4e35b22:LOC,0,1,0,0,0,0,0,20250902,20251230
PROJET2025-94-Samedi-07-94,0,0,0,0,0,1,0,20250906,20251025
PROJET2025-19-Semaine-20-19,1,1,1,1,1,0,0,20250901,20251219
PROJET2025-19-Semaine-22-19,1,1,1,1,1,0,0,20251020,20251231
PROJET2025-19-Dimanche-20-19,0,0,0,0,0,0,1,20250907,20251228
chouette:TimeTable:77b914d4-ad65-48fb-8447-b3cc44ff1ef8:LOC,0,0,0,0,0,0,1,20250907,20251228
PROJET2025-19-Semaine-20-1101100-19,1,1,0,1,1,0,0,20250901,20251219
PROJET2025-19-Mercredi-21-19,0,0,1,0,0,0,0,20250903,20251217
RESEAU2023-75-Dimanche-69-75,0,0,0,0,0,0,1,20250907,20251228
PROJET2025-51-Semaine-10-51,1,1,1,1,1,0,0,20250901,20251219
PROJET2025-51-Samedi-10-51,0,0,0,0,0,1,0,20250906,20251227
PROJET2025-42-Semaine-83-42,1,1,1,1,1,0,0,20250901,20251231
SETP2025-21-Dimanche-37-21,0,0,0,0,0,0,1,20250907,20251228
SETP2025-21-Samedi-35-21,0,0,0,0,0,1,0,20250906,20251227
PROJET2025-41-Samedi-05-41,0,0,0,0,0,1,0,20250906,20251227
chouette:TimeTable:61206418-8d9c-4090-b169-cfb699eb400e:LOC,0,0,0,0,0,0,1,20250907,20251228
PROJET2025-41-Semaine-05-41,1,1,1,1,1,0,0,20250901,20251219
RESEAU2023-41-Semaine-03-41,1,1,1,1,1,0,0,20251020,20251231
PROJET2025-Exp4-Semaine-04-Exp4,1,1,1,1,1,0,0,20250901,20251231
PROJET2025-71-Dimanche-76-71,0,0,0,0,0,0,1,20250907,20251228
PROJET2025-71-Samedi-81-71,0,0,0,0,0,1,0,20250906,20251227
SETP2025-64-Semaine-37-64,1,1,1,1,1,0,0,20250901,20251219
SETP2025-64-Samedi-36-64,0,0,0,0,0,1,0,20250906,20251227
SETP2025-64-Dimanche-35-64,0,0,0,0,0,0,1,20250907,20251228
SETP2025-12-Samedi-03-12,0,0,0,0,0,1,0,20250906,20251227
PROJET2024-75-Mercredi-87-75,0,0,1,0,0,0,0,20250903,20251217
SETP2025-12-Dimanche-06-12,0,0,0,0,0,0,1,20250907,20251228
chouette:TimeTable:b0cf907d-dc31-4f3f-a5e0-6aff42f1a492:LOC,1,1,1,1,1,0,0,20250901,20251231
chouette:TimeTable:e94ced05-3db7-4cf6-87c4-13a7d6528a41:LOC,1,0,0,0,0,0,0,20250908,20251229
RESEAU2023-88-Dimanche-77-88,0,0,0,0,0,0,1,20250907,20251228
PROJET2024-88-Mercredi-85-88,0,0,1,0,0,0,0,20250903,20251217
PROJET2025-76-Samedi-89-76,0,0,0,0,0,1,0,20250906,20251227
RESEAU2023-88-Semaine-83-1101100-88,1,1,0,1,1,0,0,20250901,20251219
RESEAU2023-88-Samedi-83-88,0,0,0,0,0,1,0,20250906,20251227
PROJET2023-Nav MAEG-Samedi-02-NVMA,0,0,0,0,0,1,0,20250906,20250927
PROJET2024-75-Semaine-88-75,1,1,1,1,1,0,0,20251020,20251231
RESEAU2023-75-Samedi-77-75,0,0,0,0,0,1,0,20250906,20251227
PROJET2024-75-Semaine-86-1101100-75,1,1,0,1,1,0,0,20250901,20251219
chouette:TimeTable:170e5c51-941b-47eb-8757-aa899ea63e0d:LOC,0,0,0,0,0,0,1,20250907,20251228
SETP2025-37-Semaine-37-37,1,1,1,1,1,0,0,20250901,20251219
SETP2025-37-Samedi-34-37,0,0,0,0,0,1,0,20250906,20251227
SETP2025-38-Samedi-39-38,0,0,0,0,0,1,0,20250906,20251227
SETP2025-38-Dimanche-39-38,0,0,0,0,0,0,1,20250907,20251228
PROJET2025-92-Semaine-22-92,1,1,1,1,1,0,0,20250901,20251128
PROJET2025-85-Mercredi-06-85,0,0,1,0,0,0,0,20250903,20251217
chouette:TimeTable:58e99742-19bb-4177-8e55-a79abbefa070:LOC,0,0,0,0,0,0,1,20250907,20251228
PROJET2025-85-Semaine-06-1101100-85,1,1,0,1,1,0,0,20250901,20251219
SETP2025-98-Samedi-06-98,0,0,0,0,0,1,0,20250906,20251227
PROJET2025-84-Dimanche-04-84,0,0,0,0,0,0,1,20250907,20251026
SETP2025-98-Semaine-08-98,1,1,1,1,1,0,0,20250901,20251231
SETP2025-98-Dimanche-06-98,0,0,0,0,0,0,1,20250907,20251228
RESEAU2023-40-Semaine-04-40,1,1,1,1,1,0,0,20250901,20251231
PROJET2025-52-Semaine-20-52,1,1,1,1,1,0,0,20250901,20251231
PROJET2025-84-Semaine-04-84,1,1,1,1,1,0,0,20250901,20251231
chouette:TimeTable:f612cadf-c78f-430c-abd9-9921a428f1b9:LOC,0,0,0,0,0,0,1,20250907,20251228
chouette:TimeTable:7abecbe4-d34d-4b07-b6c5-ba1c34573ed7:LOC,1,1,1,1,1,0,0,20250902,20251028
PROJET2025-76-Semaine-89-76,1,1,1,1,1,0,0,20250901,20251219
PROJET2025-54-Semaine-17-54,1,1,1,1,1,0,0,20250901,20251231
PROJET2025-54-Samedi-12-54,0,0,0,0,0,1,0,20250906,20251227
PROJET2025-43-Mercredi-14-43,0,0,1,0,0,0,0,20250903,20251217
PROJET2025-43-Semaine-14-1101000-43,1,1,0,1,0,0,0,20250901,20251218
PROJET2025-43-Semaine-15-0000100-43,0,0,0,0,1,0,0,20250905,20251219
PROJET2025-84-Samedi-04-84,0,0,0,0,0,1,0,20250906,20251227
PROJET2024-82-Semaine-93-82,1,1,1,1,1,0,0,20250901,20251219
RESEAU2023-82-Dimanche-85-82,0,0,0,0,0,0,1,20250907,20251228
PROJET2024-82-Samedi-93-82,0,0,0,0,0,1,0,20250906,20251227
PROJET2024-Exp2-Semaine-14-Exp2,1,1,1,1,1,0,0,20250901,20251231
PROJET2025-NVence3-Semaine-12-NVN3,1,1,1,1,1,0,0,20250901,20251231
PROJET2025-NVence3-Samedi-12-NVN3,0,0,0,0,0,1,0,20250906,20251227
SETP2025-81-Semaine-40-81,1,1,1,1,1,0,0,20250901,20251219
SETP2025-81-Samedi-35-81,0,0,0,0,0,1,0,20250906,20251227
SETP2025-81-Dimanche-36-81,0,0,0,0,0,0,1,20250907,20251228
PROJET2023-69-Semaine-15-69,1,1,1,1,1,0,0,20250901,20251231
PROJET2023-69-Samedi-11-69,0,0,0,0,0,1,0,20250906,20251227
chouette:TimeTable:bdc58b5e-d2f7-4f1c-b435-47be864e6679:LOC,0,0,0,0,0,0,1,20250907,20251228
PROJET2025-59-Semaine-26-59,1,1,1,1,1,0,0,20250901,20251231
RESEAU2023-80-Semaine-94-80,1,1,1,1,1,0,0,20250901,20251219
RESEAU2023-80-Samedi-03-80,0,0,0,0,0,1,0,20250906,20251227
RESEAU2023-80-Semaine-96-80,1,1,1,1,1,0,0,20251020,20251231
chouette:TimeTable:d3be952b-8cb0-412d-8fa0-e7576ae57ce0:LOC,0,0,0,0,0,0,1,20250907,20251228
PROJET2025-73-Samedi-16-73,0,0,0,0,0,1,0,20250906,20251227
PROJET2025-73-Semaine-16-73,1,1,1,1,1,0,0,20250901,20251231
PROJET2025-73-Dimanche-16-73,0,0,0,0,0,0,1,20250907,20251228
PROJET2024-NVence2-Samedi-12-NVN2,0,0,0,0,0,1,0,20250906,20251227
PROJET2024-NVence2-Semaine-12-NVN2,1,1,1,1,1,0,0,20250901,20251231
PROJET2025-58-Semaine-06-58,1,1,1,1,1,0,0,20250901,20251231
PROJET2025-52-Samedi-20-52,0,0,0,0,0,1,0,20250906,20251227
PROJET2025-59-Samedi-63-59,0,0,0,0,0,1,0,20250906,20251227
RESEAU2022-39-Mercredi-01-39,0,0,1,0,0,0,0,20250903,20251217
RESEAU2022-39-Samedi-03-39,0,0,0,0,0,1,0,20250906,20251227
RESEAU2022-39-Mar-Ven-04-0101100-39,0,1,0,1,1,0,0,20250902,20251219
PROJET2024-NVence1-Semaine-15-NVN1,1,1,1,1,1,0,0,20250901,20251231
PROJET2024-NVence1-Samedi-15-NVN1,0,0,0,0,0,1,0,20250906,20251227
PROJET2025-90-Semaine-21-90,1,1,1,1,1,0,0,20250901,20251231
PROJET2025-90-Samedi-21-90,0,0,0,0,0,1,0,20250906,20251227
PROJET2025-90-Dimanche-21-90,0,0,0,0,0,0,1,20250907,20251228
PROJET2025-86-Semaine-07-1101100-86,1,1,0,1,1,0,0,20250901,20251219
PROJET2025-86-Mercredi-07-86,0,0,1,0,0,0,0,20250903,20251217
PROJET2025-742-Lundi-06-742,1,0,0,0,0,0,0,20250901,20251215
PROJET2025-742-Vendredi-03-742,0,0,0,0,1,0,0,20250905,20251219
PROJET2025-743-Lundi-07-743,1,0,0,0,0,0,0,20250908,20251215
PROJET2025-743-Vendredi-05-743,0,0,0,0,1,0,0,20250905,20251219
RESEAU2021-K-Mercredi-01-K,0,0,1,0,0,0,0,20250903,20251217
PROJET2025-67-Semaine-08-1101100-67,1,1,0,1,1,0,0,20250901,20251219
PROJET2025-67-Mercredi-08-67,0,0,1,0,0,0,0,20250903,20251217
PROJET2025-VESU-Dimanche-02-VESU,0,0,0,0,0,0,1,20250907,20250921
PROJET2025-VESU-Samedi-02-VESU,0,0,0,0,0,1,0,20250906,20250920
PROJET2025-49-Semaine-08-49,1,1,1,1,1,0,0,20250901,20251231
PROJET2023-89-Semaine-04-89,1,1,1,1,1,0,0,20250901,20251231
PROJET2025-FOOT-Samedi-01-FOOT,0,0,0,0,0,1,0,20250906,20251227
chouette:TimeTable:0cbe62de-7e4f-4dc5-a866-6397e136085a:LOC,0,0,0,0,0,0,1,20250907,20251228
PROJET2025-FOOT-Semaine-01-FOOT,1,1,1,1,1,0,0,20250901,20251231
PROJET2023-NavVDB-Samedi-02-NVDB,0,0,0,0,0,1,0,20250906,20250927
RESEAU2023-93-Semaine-03-0100000-93,0,1,0,0,0,0,0,20250902,20251125
RESEAU2023-93-Samedi-02-93,0,0,0,0,0,1,0,20250906,20251129
RESEAU2021-C45-Samedi-03-C45,0,0,0,0,0,1,0,20250906,20251227
RESEAU2021-C45-Semaine-03-0100000-C45,0,1,0,0,0,0,0,20250902,20251230
RESEAU2023-V-Mercredi-06-V,0,0,1,0,0,0,0,20250903,20251217
RESEAU2023-V-L-Ma-J-V-06-V,1,1,0,1,1,0,0,20250901,20251219
chouette:TimeTable:00308e86-35df-46a7-9019-b3dc88d82c74:LOC,0,0,0,0,0,1,1,20250906,20251228
PROJET2024-C42-Semaine-03-C42,1,1,1,1,1,0,0,20250901,20251231
RESEAU2021-C32-Lun-Sam-03-C32,1,1,1,1,1,1,0,20250901,20251231
chouette:TimeTable:d0730308-1ac9-4c8f-a475-a623ae394f2b:LOC,0,0,0,0,0,0,1,20250907,20250921
chouette:TimeTable:aa9d1752-67fa-4496-bf85-28fb0306a28f:LOC,1,1,1,1,1,0,0,20250901,20251219
PROJET2025-741-Lundi-05-741,1,0,0,0,0,0,0,20250902,20251215
PROJET2025-741-Vendredi-03-741,0,0,0,0,1,0,0,20250905,20251219
PROJET2025-77-Mercredi-05-77,0,0,1,0,0,0,0,20250903,20251217
PROJET2025-77-Semaine-05-1101100-77,1,1,0,1,1,0,0,20250901,20251219
RESEAU2021-K-L-Ma-J-V-01-K,1,1,0,1,1,0,0,20250901,20251219
RESEAU2021-Exp3-Semaine-01-Exp3,1,1,1,1,1,0,0,20250901,20251231
chouette:TimeTable:5b29d02f-891b-4bee-909e-b2d1683735a3:LOC,1,0,0,0,0,0,0,20250901,20251230
PROJET2025-744-Lundi-07-744,1,0,0,0,0,0,0,20250901,20251215
PROJET2025-744-Vendredi-08-744,0,0,0,0,1,0,0,20250905,20251219
chouette:TimeTable:c9769ed7-a4a7-4c30-8939-f3e380a8f9ba:LOC,0,1,0,0,0,0,0,20250902,20251230
SETP2025-CE-Semaine-32-CE,1,1,1,1,1,0,0,20250901,20251231
chouette:TimeTable:39e90727-69b6-40e1-b78d-df47871d5601:LOC,0,1,1,1,1,1,0,20250902,20251018
